0 1 -50.0
1 0 -50.0
0 2 -50.0
2 0 -50.0
0 5 -50.0
5 0 -50.0
0 8 -50.0
8 0 -50.0
0 4 -50.0
4 0 -50.0
0 7 -50.0
7 0 -50.0
0 3 -50.0
3 0 -50.0
0 6 -50.0
6 0 -50.0

1 2 -50.0
2 1 -50.0
1 5 -50.0
5 1 -50.0
1 8 -50.0
8 1 -50.0
1 4 -50.0
4 1 -50.0
1 3 -50.0
3 1 -50.0
1 7 -50.0
7 1 -50.0
1 6 -50.0
6 1 -50.0

2 5 -50.0
5 2 -50.0
2 4 -50.0
4 2 -50.0
2 3 -50.0
3 2 -50.0
2 7 -50.0
7 2 -50.0
2 8 -50.0
8 2 -50.0
2 6 -50.0
6 2 -50.0

3 5 -50.0
5 3 -50.0
3 8 -50.0
8 3 -50.0
3 4 -50.0
4 3 -50.0
3 7 -50.0
7 3 -50.0
3 6 -50.0
6 3 -50.0

4 5 -50.0
5 4 -50.0
4 8 -50.0
8 4 -50.0
4 7 -50.0
7 4 -50.0
4 6 -50.0
6 4 -50.0

5 7 -50.0
7 5 -50.0
5 8 -50.0
8 5 -50.0
5 6 -50.0
6 5 -50.0

6 8 -50.0
8 6 -50.0
6 7 -50.0
7 6 -50.0

7 8 -50.0
8 7 -50.0


